11111111111111111111111111111111111111111111111111
00000000000000000000000000000000000000000000000000
10101010101010101010101010101010101010101010101010
01010101010101010101010101010101010101010101010101
11110000111100001111000011110000111100001111000011
00001111000011110000111100001111000011110000111100
11001100110011001100110011001100110011001100110011
10011001100110011001100110011001100110011001100110
11111000001111100000111110000011111000001111100000
00000111110000011111000001111100000111110000011111
